H_I=[6563,4861,4341,4102,3970]
He_I=[10830,7065,6678,5876,5016,4922,4713,4472,4026,3965,3889,3886]
He_II=[10124,5412,4686,4542,3203]
C_III=[5696,4648]
C_IV=[5801]
O_I=[9263,8446,7775,7774,7772,6363,6300,6158,5577]
O_II=[6721,6641,4649,4416,4076,3973,3749,3729,3727,3726,3713]
O_III=[5007,4959,4363]
O_V=[5592]
O_VI=[3834,3811]
Na_I=[8195,8183,5896,5890]
Mg_I=[8807,5528,5184,5173,5167,4703,4571,3838,3832,3829,2852,2780]
Mg_II= [9632,9244,9218,8235,8214,7896,7877,4481,2803,2798,2796,2791]
Si_II=[7850,6371,6347,5979,5958,5670,5056,5041,4131,4128,3856]
S_II=[6731,6717,6715,6397,6313,6305,6287,5647,5640,5606,5454,5433,4163]
Ca_II=[8662,8542,8498,7324,7292,3969,3934,3737,3706,3180,3159]
Fe_II=[5363,5235,5198,5169,5018,4924,4549,4515,4352,4303]
Fe_III=[5158,5129,4432,4421,4397]
N_II=[6583,6548]
N_III=[4640]
N_IV=[7123,7109,4537,4058]
N_V=[4946,4604]
